                                                               22222222                                  
                                                            22222222a22                                   
                                                     222222222222aaaa2                                    
                       33333                     22a2555222222aaaaaaa2                                    
                     3333333333333             22aa2225222222aaaaaaaa2                                    
                     3333    333333333       22aa22222225552aaaaaaaaa2                                    
                      3333        333333333 2aa225222222255aaaaaaaaa2            333333333333             
                      3333             33333222225522222255aaaaaaaaa2       33333333333   333             
                       33333      e        22222222222225552222222222   333333333        3333             
                        33333              2225552222222255522    3333333333            3333              
           6             33333         e  2222222255222222222  333333333         e     3333               
          6e6              3333          222255225552222222222333333                 33333                
           6        66      33333   6   222222222552222222222222                   33333                  
                              3333     222222222222222222222222233333333333      333333                   
                           33333333333222555222222222222222222233333333333333333333333333333              
                333333333333333333333322255225222222222222222   33333       3333333333333333333333333     
         333333333333333333       3333322522555222222333332222    33333   3333333            333333333333 
     33333333333                    333322225222222333333333222     33333333333                      33333
  333333                  e        3333333222222223333  3333322  6    333333                      33333333
  333333           6             333332233333222223333  3333322     3333333333              333333333333  
   33333333333333             33333   2255333322223333333333222   333333   33333    3333333333333333      
       33333333333333333333333333     22552233332223333333322222333333 33333333333333333333333            
             3333333333333333333333332222222223333322222222223333333333333333333333333                    
                       3333333333333333333333333333333333333333333333333333      3333                     
                     333333     2222222333333333333333335533333222222              3333         6         
             e      3333     22222222222222222222222333333333322222222              33333      6e6        
                  33333    2222222222222222a222222333333222333333222222               3333      6         
                33333     2222222222222222aa3333333332222aaa2333333332222              3333               
              33333      2222222  222222233333333222222222aaa22223333333333              3333             
            33333       222222   22333333333a2222222a2222222aaaa2222233333333333          3333            
           3333         22222 3333333333aaaaa22222222aa22222 aaaa2222222333333333333       333            
          3333         222333333333333  aaaa 22222222aaa2222222aaa  22222     33333333333333333           
         3333    33333333333333  2222  aaaa   22222222aaaa222222aaaa               333333333333           
         33333333333333333       22222 aaa    2222222  aaaa 2222 aaaa                                     
           333333333              2222        2222222   aaaa       aaaa                                   
                                             2222222     aaaa       aaaaa                                 
                                             22222        aaaa        aaaaa                               
                                             2222           aaaa        aaaaaaaaaaa                       
                                                             aaaaa         aaa33333aaa                    
                                                               aaaaaaaa       aa33333aaa                  
                                                                 aa333aaaa      a3333a3aa                 
                                                                    aa3333a       aa333aaa                
                                                                     aa33aaa        aa333a                
                                                                       aaaaaa         aaaa                
                                                                         aaa                             
